	9
genomes_annotated/GCF_000171535.2/GCF_000171535.2.gff3
genomes_annotated/GCF_000171415.1/GCF_000171415.1.gff3	0.0122141
genomes_annotated/GCF_000171515.1/GCF_000171515.1.gff3	0.0110007	0.0107405
genomes_annotated/GCF_000170215.1/GCF_000170215.1.gff3	0.011984	0.0105688	0.0105688
genomes_annotated/GCF_000020745.1/GCF_000020745.1.gff3	0.0167251	0.0166117	0.015616	0.0157245
genomes_annotated/GCF_000022165.1/GCF_000022165.1.gff3	0.0126819	0.010441	0.0109136	0.00614558	0.0163866
genomes_annotated/GCF_000020925.1/GCF_000020925.1.gff3	0.0144049	0.0125875	0.0127767	0.0117112	0.0170687	0.0113529
genomes_annotated/GCF_000007545.1/GCF_000007545.1.gff3	0.0167251	0.016782	0.015616	0.0149759	0.0180709	0.0164989	0.0166683
genomes_annotated/GCF_000020885.1/GCF_000020885.1.gff3	0.0132573	0.0144049	0.0140492	0.0139486	0.0163866	0.0146108	0.0152404	0.0168391
